p cnf 363 4119
-1 0
-2 0
-3 0
-4 0
-5 0
-6 0
-7 0
-8 0
-9 0
-10 0
-11 0
-12 0
13 0
-14 0
-15 0
16 0
-17 0
18 0
19 0
-20 0
-21 0
22 0
-23 0
24 0
-25 0
26 0
-27 0
-28 0
29 0
-30 0
-31 0
32 0
-33 0
-34 0
35 0
-36 0
-37 0
-38 0
39 0
40 0
41 0
-42 0
-43 0
-44 0
45 0
46 0
47 0
-48 0
-49 0
-50 0
51 0
-52 0
-53 0
54 0
55 0
-56 0
-57 0
58 0
-59 0
-60 0
61 0
62 0
-63 0
64 0
65 0
-66 0
67 0
-68 0
69 0
70 0
-71 0
72 0
-217 0
-218 0
-219 0
-220 0
-221 0
-222 0
-223 0
-224 0
-225 0
-226 0
-227 0
-228 0
229 0
-230 0
-231 0
232 0
-233 0
-234 0
235 0
-236 0
-237 0
238 0
-239 0
-240 0
-241 0
242 0
-243 0
-244 0
245 0
-246 0
-247 0
248 0
-249 0
-250 0
251 0
-252 0
253 0
254 0
-255 0
256 0
257 0
-258 0
259 0
260 0
-261 0
262 0
263 0
-264 0
-265 0
-266 0
267 0
-268 0
-269 0
270 0
-271 0
-272 0
273 0
-274 0
-275 0
276 0
277 0
-278 0
279 0
280 0
-281 0
282 0
283 0
-284 0
285 0
286 0
-287 0
288 0
-361 1 -217 0
-361 -1 217 0
-361 2 -218 0
-361 -2 218 0
-361 3 -219 0
-361 -3 219 0
-361 4 -217 0
-361 -4 217 0
-361 5 -218 0
-361 -5 218 0
-361 6 -219 0
-361 -6 219 0
-361 7 -217 0
-361 -7 217 0
-361 8 -218 0
-361 -8 218 0
-361 9 -219 0
-361 -9 219 0
-361 10 -217 0
-361 -10 217 0
-361 11 -218 0
-361 -11 218 0
-361 12 -219 0
-361 -12 219 0
-361 13 -229 0
-361 -13 229 0
-361 14 -230 0
-361 -14 230 0
-361 15 -231 0
-361 -15 231 0
-361 16 -229 0
-361 -16 229 0
-361 17 -230 0
-361 -17 230 0
-361 18 -231 0
-361 -18 231 0
-361 19 -229 0
-361 -19 229 0
-361 20 -230 0
-361 -20 230 0
-361 21 -231 0
-361 -21 231 0
-361 22 -229 0
-361 -22 229 0
-361 23 -230 0
-361 -23 230 0
-361 24 -231 0
-361 -24 231 0
-361 25 -241 0
-361 -25 241 0
-361 26 -242 0
-361 -26 242 0
-361 27 -243 0
-361 -27 243 0
-361 28 -241 0
-361 -28 241 0
-361 29 -242 0
-361 -29 242 0
-361 30 -243 0
-361 -30 243 0
-361 31 -241 0
-361 -31 241 0
-361 32 -242 0
-361 -32 242 0
-361 33 -243 0
-361 -33 243 0
-361 34 -241 0
-361 -34 241 0
-361 35 -242 0
-361 -35 242 0
-361 36 -243 0
-361 -36 243 0
-361 37 -253 0
-361 -37 253 0
-361 38 -254 0
-361 -38 254 0
-361 39 -255 0
-361 -39 255 0
-361 40 -253 0
-361 -40 253 0
-361 41 -254 0
-361 -41 254 0
-361 42 -255 0
-361 -42 255 0
-361 43 -253 0
-361 -43 253 0
-361 44 -254 0
-361 -44 254 0
-361 45 -255 0
-361 -45 255 0
-361 46 -253 0
-361 -46 253 0
-361 47 -254 0
-361 -47 254 0
-361 48 -255 0
-361 -48 255 0
-361 49 -265 0
-361 -49 265 0
-361 50 -266 0
-361 -50 266 0
-361 51 -267 0
-361 -51 267 0
-361 52 -265 0
-361 -52 265 0
-361 53 -266 0
-361 -53 266 0
-361 54 -267 0
-361 -54 267 0
-361 55 -265 0
-361 -55 265 0
-361 56 -266 0
-361 -56 266 0
-361 57 -267 0
-361 -57 267 0
-361 58 -265 0
-361 -58 265 0
-361 59 -266 0
-361 -59 266 0
-361 60 -267 0
-361 -60 267 0
-361 61 -277 0
-361 -61 277 0
-361 62 -278 0
-361 -62 278 0
-361 63 -279 0
-361 -63 279 0
-361 64 -277 0
-361 -64 277 0
-361 65 -278 0
-361 -65 278 0
-361 66 -279 0
-361 -66 279 0
-361 67 -277 0
-361 -67 277 0
-361 68 -278 0
-361 -68 278 0
-361 69 -279 0
-361 -69 279 0
-361 70 -277 0
-361 -70 277 0
-361 71 -278 0
-361 -71 278 0
-361 72 -279 0
-361 -72 279 0
-362 73 -217 0
-362 -73 217 0
-362 74 -218 0
-362 -74 218 0
-362 75 -219 0
-362 -75 219 0
-362 76 -217 0
-362 -76 217 0
-362 77 -218 0
-362 -77 218 0
-362 78 -219 0
-362 -78 219 0
-362 79 -217 0
-362 -79 217 0
-362 80 -218 0
-362 -80 218 0
-362 81 -219 0
-362 -81 219 0
-362 82 -217 0
-362 -82 217 0
-362 83 -218 0
-362 -83 218 0
-362 84 -219 0
-362 -84 219 0
-362 85 -229 0
-362 -85 229 0
-362 86 -230 0
-362 -86 230 0
-362 87 -231 0
-362 -87 231 0
-362 88 -229 0
-362 -88 229 0
-362 89 -230 0
-362 -89 230 0
-362 90 -231 0
-362 -90 231 0
-362 91 -229 0
-362 -91 229 0
-362 92 -230 0
-362 -92 230 0
-362 93 -231 0
-362 -93 231 0
-362 94 -229 0
-362 -94 229 0
-362 95 -230 0
-362 -95 230 0
-362 96 -231 0
-362 -96 231 0
-362 97 -241 0
-362 -97 241 0
-362 98 -242 0
-362 -98 242 0
-362 99 -243 0
-362 -99 243 0
-362 100 -241 0
-362 -100 241 0
-362 101 -242 0
-362 -101 242 0
-362 102 -243 0
-362 -102 243 0
-362 103 -241 0
-362 -103 241 0
-362 104 -242 0
-362 -104 242 0
-362 105 -243 0
-362 -105 243 0
-362 106 -241 0
-362 -106 241 0
-362 107 -242 0
-362 -107 242 0
-362 108 -243 0
-362 -108 243 0
-362 109 -253 0
-362 -109 253 0
-362 110 -254 0
-362 -110 254 0
-362 111 -255 0
-362 -111 255 0
-362 112 -253 0
-362 -112 253 0
-362 113 -254 0
-362 -113 254 0
-362 114 -255 0
-362 -114 255 0
-362 115 -253 0
-362 -115 253 0
-362 116 -254 0
-362 -116 254 0
-362 117 -255 0
-362 -117 255 0
-362 118 -253 0
-362 -118 253 0
-362 119 -254 0
-362 -119 254 0
-362 120 -255 0
-362 -120 255 0
-362 121 -265 0
-362 -121 265 0
-362 122 -266 0
-362 -122 266 0
-362 123 -267 0
-362 -123 267 0
-362 124 -265 0
-362 -124 265 0
-362 125 -266 0
-362 -125 266 0
-362 126 -267 0
-362 -126 267 0
-362 127 -265 0
-362 -127 265 0
-362 128 -266 0
-362 -128 266 0
-362 129 -267 0
-362 -129 267 0
-362 130 -265 0
-362 -130 265 0
-362 131 -266 0
-362 -131 266 0
-362 132 -267 0
-362 -132 267 0
-362 133 -277 0
-362 -133 277 0
-362 134 -278 0
-362 -134 278 0
-362 135 -279 0
-362 -135 279 0
-362 136 -277 0
-362 -136 277 0
-362 137 -278 0
-362 -137 278 0
-362 138 -279 0
-362 -138 279 0
-362 139 -277 0
-362 -139 277 0
-362 140 -278 0
-362 -140 278 0
-362 141 -279 0
-362 -141 279 0
-362 142 -277 0
-362 -142 277 0
-362 143 -278 0
-362 -143 278 0
-362 144 -279 0
-362 -144 279 0
-363 145 -217 0
-363 -145 217 0
-363 146 -218 0
-363 -146 218 0
-363 147 -219 0
-363 -147 219 0
-363 148 -217 0
-363 -148 217 0
-363 149 -218 0
-363 -149 218 0
-363 150 -219 0
-363 -150 219 0
-363 151 -217 0
-363 -151 217 0
-363 152 -218 0
-363 -152 218 0
-363 153 -219 0
-363 -153 219 0
-363 154 -217 0
-363 -154 217 0
-363 155 -218 0
-363 -155 218 0
-363 156 -219 0
-363 -156 219 0
-363 157 -229 0
-363 -157 229 0
-363 158 -230 0
-363 -158 230 0
-363 159 -231 0
-363 -159 231 0
-363 160 -229 0
-363 -160 229 0
-363 161 -230 0
-363 -161 230 0
-363 162 -231 0
-363 -162 231 0
-363 163 -229 0
-363 -163 229 0
-363 164 -230 0
-363 -164 230 0
-363 165 -231 0
-363 -165 231 0
-363 166 -229 0
-363 -166 229 0
-363 167 -230 0
-363 -167 230 0
-363 168 -231 0
-363 -168 231 0
-363 169 -241 0
-363 -169 241 0
-363 170 -242 0
-363 -170 242 0
-363 171 -243 0
-363 -171 243 0
-363 172 -241 0
-363 -172 241 0
-363 173 -242 0
-363 -173 242 0
-363 174 -243 0
-363 -174 243 0
-363 175 -241 0
-363 -175 241 0
-363 176 -242 0
-363 -176 242 0
-363 177 -243 0
-363 -177 243 0
-363 178 -241 0
-363 -178 241 0
-363 179 -242 0
-363 -179 242 0
-363 180 -243 0
-363 -180 243 0
-363 181 -253 0
-363 -181 253 0
-363 182 -254 0
-363 -182 254 0
-363 183 -255 0
-363 -183 255 0
-363 184 -253 0
-363 -184 253 0
-363 185 -254 0
-363 -185 254 0
-363 186 -255 0
-363 -186 255 0
-363 187 -253 0
-363 -187 253 0
-363 188 -254 0
-363 -188 254 0
-363 189 -255 0
-363 -189 255 0
-363 190 -253 0
-363 -190 253 0
-363 191 -254 0
-363 -191 254 0
-363 192 -255 0
-363 -192 255 0
-363 193 -265 0
-363 -193 265 0
-363 194 -266 0
-363 -194 266 0
-363 195 -267 0
-363 -195 267 0
-363 196 -265 0
-363 -196 265 0
-363 197 -266 0
-363 -197 266 0
-363 198 -267 0
-363 -198 267 0
-363 199 -265 0
-363 -199 265 0
-363 200 -266 0
-363 -200 266 0
-363 201 -267 0
-363 -201 267 0
-363 202 -265 0
-363 -202 265 0
-363 203 -266 0
-363 -203 266 0
-363 204 -267 0
-363 -204 267 0
-363 205 -277 0
-363 -205 277 0
-363 206 -278 0
-363 -206 278 0
-363 207 -279 0
-363 -207 279 0
-363 208 -277 0
-363 -208 277 0
-363 209 -278 0
-363 -209 278 0
-363 210 -279 0
-363 -210 279 0
-363 211 -277 0
-363 -211 277 0
-363 212 -278 0
-363 -212 278 0
-363 213 -279 0
-363 -213 279 0
-363 214 -277 0
-363 -214 277 0
-363 215 -278 0
-363 -215 278 0
-363 216 -279 0
-363 -216 279 0
361 362 363 0
-361 -362 0
-361 -363 0
-362 -363 0
313 314 315 316 317 318 0
-313 -314 0
-313 -315 0
-313 -316 0
-313 -317 0
-313 -318 0
-314 -315 0
-314 -316 0
-314 -317 0
-314 -318 0
-315 -316 0
-315 -317 0
-315 -318 0
-316 -317 0
-316 -318 0
-317 -318 0
337 338 339 340 341 342 0
-337 -338 0
-337 -339 0
-337 -340 0
-337 -341 0
-337 -342 0
-338 -339 0
-338 -340 0
-338 -341 0
-338 -342 0
-339 -340 0
-339 -341 0
-339 -342 0
-340 -341 0
-340 -342 0
-341 -342 0
-313 319 325 331 0
-313 -319 -325 0
-313 -319 -331 0
-313 -325 -331 0
-314 320 326 332 0
-314 -320 -326 0
-314 -320 -332 0
-314 -326 -332 0
-315 321 327 333 0
-315 -321 -327 0
-315 -321 -333 0
-315 -327 -333 0
-316 322 328 334 0
-316 -322 -328 0
-316 -322 -334 0
-316 -328 -334 0
-317 323 329 335 0
-317 -323 -329 0
-317 -323 -335 0
-317 -329 -335 0
-318 324 330 336 0
-318 -324 -330 0
-318 -324 -336 0
-318 -330 -336 0
-337 343 349 355 0
-337 -343 -349 0
-337 -343 -355 0
-337 -349 -355 0
-338 344 350 356 0
-338 -344 -350 0
-338 -344 -356 0
-338 -350 -356 0
-339 345 351 357 0
-339 -345 -351 0
-339 -345 -357 0
-339 -351 -357 0
-340 346 352 358 0
-340 -346 -352 0
-340 -346 -358 0
-340 -352 -358 0
-341 347 353 359 0
-341 -347 -353 0
-341 -347 -359 0
-341 -353 -359 0
-342 348 354 360 0
-342 -348 -354 0
-342 -348 -360 0
-342 -354 -360 0
-313 97 -25 0
-313 -97 25 0
-313 98 -26 0
-313 -98 26 0
-313 99 -27 0
-313 -99 27 0
-313 100 -28 0
-313 -100 28 0
-313 101 -29 0
-313 -101 29 0
-313 102 -30 0
-313 -102 30 0
-313 103 -31 0
-313 -103 31 0
-313 104 -32 0
-313 -104 32 0
-313 105 -33 0
-313 -105 33 0
-313 106 -34 0
-313 -106 34 0
-313 107 -35 0
-313 -107 35 0
-313 108 -36 0
-313 -108 36 0
-313 124 -52 0
-313 -124 52 0
-313 125 -53 0
-313 -125 53 0
-313 126 -54 0
-313 -126 54 0
-313 121 -49 0
-313 -121 49 0
-313 122 -50 0
-313 -122 50 0
-313 123 -51 0
-313 -123 51 0
-313 85 -13 0
-313 -85 13 0
-313 86 -14 0
-313 -86 14 0
-313 87 -15 0
-313 -87 15 0
-313 91 -19 0
-313 -91 19 0
-313 92 -20 0
-313 -92 20 0
-313 93 -21 0
-313 -93 21 0
-313 139 -67 0
-313 -139 67 0
-313 140 -68 0
-313 -140 68 0
-313 141 -69 0
-313 -141 69 0
-313 142 -70 0
-313 -142 70 0
-313 143 -71 0
-313 -143 71 0
-313 144 -72 0
-313 -144 72 0
-313 118 -46 0
-313 -118 46 0
-313 119 -47 0
-313 -119 47 0
-313 120 -48 0
-313 -120 48 0
-313 112 -40 0
-313 -112 40 0
-313 113 -41 0
-313 -113 41 0
-313 114 -42 0
-313 -114 42 0
-337 169 -97 0
-337 -169 97 0
-337 170 -98 0
-337 -170 98 0
-337 171 -99 0
-337 -171 99 0
-337 172 -100 0
-337 -172 100 0
-337 173 -101 0
-337 -173 101 0
-337 174 -102 0
-337 -174 102 0
-337 175 -103 0
-337 -175 103 0
-337 176 -104 0
-337 -176 104 0
-337 177 -105 0
-337 -177 105 0
-337 178 -106 0
-337 -178 106 0
-337 179 -107 0
-337 -179 107 0
-337 180 -108 0
-337 -180 108 0
-337 196 -124 0
-337 -196 124 0
-337 197 -125 0
-337 -197 125 0
-337 198 -126 0
-337 -198 126 0
-337 193 -121 0
-337 -193 121 0
-337 194 -122 0
-337 -194 122 0
-337 195 -123 0
-337 -195 123 0
-337 157 -85 0
-337 -157 85 0
-337 158 -86 0
-337 -158 86 0
-337 159 -87 0
-337 -159 87 0
-337 163 -91 0
-337 -163 91 0
-337 164 -92 0
-337 -164 92 0
-337 165 -93 0
-337 -165 93 0
-337 211 -139 0
-337 -211 139 0
-337 212 -140 0
-337 -212 140 0
-337 213 -141 0
-337 -213 141 0
-337 214 -142 0
-337 -214 142 0
-337 215 -143 0
-337 -215 143 0
-337 216 -144 0
-337 -216 144 0
-337 190 -118 0
-337 -190 118 0
-337 191 -119 0
-337 -191 119 0
-337 192 -120 0
-337 -192 120 0
-337 184 -112 0
-337 -184 112 0
-337 185 -113 0
-337 -185 113 0
-337 186 -114 0
-337 -186 114 0
-319 94 -64 0
-319 -94 64 0
-319 95 -65 0
-319 -95 65 0
-319 96 -66 0
-319 -96 66 0
-319 88 -61 0
-319 -88 61 0
-319 89 -62 0
-319 -89 62 0
-319 90 -63 0
-319 -90 63 0
-319 127 -22 0
-319 -127 22 0
-319 128 -23 0
-319 -128 23 0
-319 129 -24 0
-319 -129 24 0
-319 130 -16 0
-319 -130 16 0
-319 131 -17 0
-319 -131 17 0
-319 132 -18 0
-319 -132 18 0
-319 109 -55 0
-319 -109 55 0
-319 110 -56 0
-319 -110 56 0
-319 111 -57 0
-319 -111 57 0
-319 115 -58 0
-319 -115 58 0
-319 116 -59 0
-319 -116 59 0
-319 117 -60 0
-319 -117 60 0
-319 136 -37 0
-319 -136 37 0
-319 137 -38 0
-319 -137 38 0
-319 138 -39 0
-319 -138 39 0
-319 133 -43 0
-319 -133 43 0
-319 134 -44 0
-319 -134 44 0
-319 135 -45 0
-319 -135 45 0
-319 73 -4 0
-319 -73 4 0
-319 74 -5 0
-319 -74 5 0
-319 75 -6 0
-319 -75 6 0
-319 76 -10 0
-319 -76 10 0
-319 77 -11 0
-319 -77 11 0
-319 78 -12 0
-319 -78 12 0
-319 79 -1 0
-319 -79 1 0
-319 80 -2 0
-319 -80 2 0
-319 81 -3 0
-319 -81 3 0
-319 82 -7 0
-319 -82 7 0
-319 83 -8 0
-319 -83 8 0
-319 84 -9 0
-319 -84 9 0
-343 166 -136 0
-343 -166 136 0
-343 167 -137 0
-343 -167 137 0
-343 168 -138 0
-343 -168 138 0
-343 160 -133 0
-343 -160 133 0
-343 161 -134 0
-343 -161 134 0
-343 162 -135 0
-343 -162 135 0
-343 199 -94 0
-343 -199 94 0
-343 200 -95 0
-343 -200 95 0
-343 201 -96 0
-343 -201 96 0
-343 202 -88 0
-343 -202 88 0
-343 203 -89 0
-343 -203 89 0
-343 204 -90 0
-343 -204 90 0
-343 181 -127 0
-343 -181 127 0
-343 182 -128 0
-343 -182 128 0
-343 183 -129 0
-343 -183 129 0
-343 187 -130 0
-343 -187 130 0
-343 188 -131 0
-343 -188 131 0
-343 189 -132 0
-343 -189 132 0
-343 208 -109 0
-343 -208 109 0
-343 209 -110 0
-343 -209 110 0
-343 210 -111 0
-343 -210 111 0
-343 205 -115 0
-343 -205 115 0
-343 206 -116 0
-343 -206 116 0
-343 207 -117 0
-343 -207 117 0
-343 145 -76 0
-343 -145 76 0
-343 146 -77 0
-343 -146 77 0
-343 147 -78 0
-343 -147 78 0
-343 148 -82 0
-343 -148 82 0
-343 149 -83 0
-343 -149 83 0
-343 150 -84 0
-343 -150 84 0
-343 151 -73 0
-343 -151 73 0
-343 152 -74 0
-343 -152 74 0
-343 153 -75 0
-343 -153 75 0
-343 154 -79 0
-343 -154 79 0
-343 155 -80 0
-343 -155 80 0
-343 156 -81 0
-343 -156 81 0
-325 94 -55 0
-325 -94 55 0
-325 95 -56 0
-325 -95 56 0
-325 96 -57 0
-325 -96 57 0
-325 88 -58 0
-325 -88 58 0
-325 89 -59 0
-325 -89 59 0
-325 90 -60 0
-325 -90 60 0
-325 127 -37 0
-325 -127 37 0
-325 128 -38 0
-325 -128 38 0
-325 129 -39 0
-325 -129 39 0
-325 130 -43 0
-325 -130 43 0
-325 131 -44 0
-325 -131 44 0
-325 132 -45 0
-325 -132 45 0
-325 109 -64 0
-325 -109 64 0
-325 110 -65 0
-325 -110 65 0
-325 111 -66 0
-325 -111 66 0
-325 115 -61 0
-325 -115 61 0
-325 116 -62 0
-325 -116 62 0
-325 117 -63 0
-325 -117 63 0
-325 136 -22 0
-325 -136 22 0
-325 137 -23 0
-325 -137 23 0
-325 138 -24 0
-325 -138 24 0
-325 133 -16 0
-325 -133 16 0
-325 134 -17 0
-325 -134 17 0
-325 135 -18 0
-325 -135 18 0
-325 73 -7 0
-325 -73 7 0
-325 74 -8 0
-325 -74 8 0
-325 75 -9 0
-325 -75 9 0
-325 76 -1 0
-325 -76 1 0
-325 77 -2 0
-325 -77 2 0
-325 78 -3 0
-325 -78 3 0
-325 79 -10 0
-325 -79 10 0
-325 80 -11 0
-325 -80 11 0
-325 81 -12 0
-325 -81 12 0
-325 82 -4 0
-325 -82 4 0
-325 83 -5 0
-325 -83 5 0
-325 84 -6 0
-325 -84 6 0
-349 166 -127 0
-349 -166 127 0
-349 167 -128 0
-349 -167 128 0
-349 168 -129 0
-349 -168 129 0
-349 160 -130 0
-349 -160 130 0
-349 161 -131 0
-349 -161 131 0
-349 162 -132 0
-349 -162 132 0
-349 199 -109 0
-349 -199 109 0
-349 200 -110 0
-349 -200 110 0
-349 201 -111 0
-349 -201 111 0
-349 202 -115 0
-349 -202 115 0
-349 203 -116 0
-349 -203 116 0
-349 204 -117 0
-349 -204 117 0
-349 181 -136 0
-349 -181 136 0
-349 182 -137 0
-349 -182 137 0
-349 183 -138 0
-349 -183 138 0
-349 187 -133 0
-349 -187 133 0
-349 188 -134 0
-349 -188 134 0
-349 189 -135 0
-349 -189 135 0
-349 208 -94 0
-349 -208 94 0
-349 209 -95 0
-349 -209 95 0
-349 210 -96 0
-349 -210 96 0
-349 205 -88 0
-349 -205 88 0
-349 206 -89 0
-349 -206 89 0
-349 207 -90 0
-349 -207 90 0
-349 145 -79 0
-349 -145 79 0
-349 146 -80 0
-349 -146 80 0
-349 147 -81 0
-349 -147 81 0
-349 148 -73 0
-349 -148 73 0
-349 149 -74 0
-349 -149 74 0
-349 150 -75 0
-349 -150 75 0
-349 151 -82 0
-349 -151 82 0
-349 152 -83 0
-349 -152 83 0
-349 153 -84 0
-349 -153 84 0
-349 154 -76 0
-349 -154 76 0
-349 155 -77 0
-349 -155 77 0
-349 156 -78 0
-349 -156 78 0
-331 94 -37 0
-331 -94 37 0
-331 95 -38 0
-331 -95 38 0
-331 96 -39 0
-331 -96 39 0
-331 88 -43 0
-331 -88 43 0
-331 89 -44 0
-331 -89 44 0
-331 90 -45 0
-331 -90 45 0
-331 127 -64 0
-331 -127 64 0
-331 128 -65 0
-331 -128 65 0
-331 129 -66 0
-331 -129 66 0
-331 130 -61 0
-331 -130 61 0
-331 131 -62 0
-331 -131 62 0
-331 132 -63 0
-331 -132 63 0
-331 109 -22 0
-331 -109 22 0
-331 110 -23 0
-331 -110 23 0
-331 111 -24 0
-331 -111 24 0
-331 115 -16 0
-331 -115 16 0
-331 116 -17 0
-331 -116 17 0
-331 117 -18 0
-331 -117 18 0
-331 136 -55 0
-331 -136 55 0
-331 137 -56 0
-331 -137 56 0
-331 138 -57 0
-331 -138 57 0
-331 133 -58 0
-331 -133 58 0
-331 134 -59 0
-331 -134 59 0
-331 135 -60 0
-331 -135 60 0
-331 73 -10 0
-331 -73 10 0
-331 74 -11 0
-331 -74 11 0
-331 75 -12 0
-331 -75 12 0
-331 76 -7 0
-331 -76 7 0
-331 77 -8 0
-331 -77 8 0
-331 78 -9 0
-331 -78 9 0
-331 79 -4 0
-331 -79 4 0
-331 80 -5 0
-331 -80 5 0
-331 81 -6 0
-331 -81 6 0
-331 82 -1 0
-331 -82 1 0
-331 83 -2 0
-331 -83 2 0
-331 84 -3 0
-331 -84 3 0
-355 166 -109 0
-355 -166 109 0
-355 167 -110 0
-355 -167 110 0
-355 168 -111 0
-355 -168 111 0
-355 160 -115 0
-355 -160 115 0
-355 161 -116 0
-355 -161 116 0
-355 162 -117 0
-355 -162 117 0
-355 199 -136 0
-355 -199 136 0
-355 200 -137 0
-355 -200 137 0
-355 201 -138 0
-355 -201 138 0
-355 202 -133 0
-355 -202 133 0
-355 203 -134 0
-355 -203 134 0
-355 204 -135 0
-355 -204 135 0
-355 181 -94 0
-355 -181 94 0
-355 182 -95 0
-355 -182 95 0
-355 183 -96 0
-355 -183 96 0
-355 187 -88 0
-355 -187 88 0
-355 188 -89 0
-355 -188 89 0
-355 189 -90 0
-355 -189 90 0
-355 208 -127 0
-355 -208 127 0
-355 209 -128 0
-355 -209 128 0
-355 210 -129 0
-355 -210 129 0
-355 205 -130 0
-355 -205 130 0
-355 206 -131 0
-355 -206 131 0
-355 207 -132 0
-355 -207 132 0
-355 145 -82 0
-355 -145 82 0
-355 146 -83 0
-355 -146 83 0
-355 147 -84 0
-355 -147 84 0
-355 148 -79 0
-355 -148 79 0
-355 149 -80 0
-355 -149 80 0
-355 150 -81 0
-355 -150 81 0
-355 151 -76 0
-355 -151 76 0
-355 152 -77 0
-355 -152 77 0
-355 153 -78 0
-355 -153 78 0
-355 154 -73 0
-355 -154 73 0
-355 155 -74 0
-355 -155 74 0
-355 156 -75 0
-355 -156 75 0
-314 109 -37 0
-314 -109 37 0
-314 110 -38 0
-314 -110 38 0
-314 111 -39 0
-314 -111 39 0
-314 112 -40 0
-314 -112 40 0
-314 113 -41 0
-314 -113 41 0
-314 114 -42 0
-314 -114 42 0
-314 115 -43 0
-314 -115 43 0
-314 116 -44 0
-314 -116 44 0
-314 117 -45 0
-314 -117 45 0
-314 118 -46 0
-314 -118 46 0
-314 119 -47 0
-314 -119 47 0
-314 120 -48 0
-314 -120 48 0
-314 130 -58 0
-314 -130 58 0
-314 131 -59 0
-314 -131 59 0
-314 132 -60 0
-314 -132 60 0
-314 124 -52 0
-314 -124 52 0
-314 125 -53 0
-314 -125 53 0
-314 126 -54 0
-314 -126 54 0
-314 97 -25 0
-314 -97 25 0
-314 98 -26 0
-314 -98 26 0
-314 99 -27 0
-314 -99 27 0
-314 103 -31 0
-314 -103 31 0
-314 104 -32 0
-314 -104 32 0
-314 105 -33 0
-314 -105 33 0
-314 142 -70 0
-314 -142 70 0
-314 143 -71 0
-314 -143 71 0
-314 144 -72 0
-314 -144 72 0
-314 136 -64 0
-314 -136 64 0
-314 137 -65 0
-314 -137 65 0
-314 138 -66 0
-314 -138 66 0
-314 82 -10 0
-314 -82 10 0
-314 83 -11 0
-314 -83 11 0
-314 84 -12 0
-314 -84 12 0
-314 76 -4 0
-314 -76 4 0
-314 77 -5 0
-314 -77 5 0
-314 78 -6 0
-314 -78 6 0
-338 181 -109 0
-338 -181 109 0
-338 182 -110 0
-338 -182 110 0
-338 183 -111 0
-338 -183 111 0
-338 184 -112 0
-338 -184 112 0
-338 185 -113 0
-338 -185 113 0
-338 186 -114 0
-338 -186 114 0
-338 187 -115 0
-338 -187 115 0
-338 188 -116 0
-338 -188 116 0
-338 189 -117 0
-338 -189 117 0
-338 190 -118 0
-338 -190 118 0
-338 191 -119 0
-338 -191 119 0
-338 192 -120 0
-338 -192 120 0
-338 202 -130 0
-338 -202 130 0
-338 203 -131 0
-338 -203 131 0
-338 204 -132 0
-338 -204 132 0
-338 196 -124 0
-338 -196 124 0
-338 197 -125 0
-338 -197 125 0
-338 198 -126 0
-338 -198 126 0
-338 169 -97 0
-338 -169 97 0
-338 170 -98 0
-338 -170 98 0
-338 171 -99 0
-338 -171 99 0
-338 175 -103 0
-338 -175 103 0
-338 176 -104 0
-338 -176 104 0
-338 177 -105 0
-338 -177 105 0
-338 214 -142 0
-338 -214 142 0
-338 215 -143 0
-338 -215 143 0
-338 216 -144 0
-338 -216 144 0
-338 208 -136 0
-338 -208 136 0
-338 209 -137 0
-338 -209 137 0
-338 210 -138 0
-338 -210 138 0
-338 154 -82 0
-338 -154 82 0
-338 155 -83 0
-338 -155 83 0
-338 156 -84 0
-338 -156 84 0
-338 148 -76 0
-338 -148 76 0
-338 149 -77 0
-338 -149 77 0
-338 150 -78 0
-338 -150 78 0
-320 121 -34 0
-320 -121 34 0
-320 122 -35 0
-320 -122 35 0
-320 123 -36 0
-320 -123 36 0
-320 127 -28 0
-320 -127 28 0
-320 128 -29 0
-320 -128 29 0
-320 129 -30 0
-320 -129 30 0
-320 73 -49 0
-320 -73 49 0
-320 74 -50 0
-320 -74 50 0
-320 75 -51 0
-320 -75 51 0
-320 79 -55 0
-320 -79 55 0
-320 80 -56 0
-320 -80 56 0
-320 81 -57 0
-320 -81 57 0
-320 133 -1 0
-320 -133 1 0
-320 134 -2 0
-320 -134 2 0
-320 135 -3 0
-320 -135 3 0
-320 139 -7 0
-320 -139 7 0
-320 140 -8 0
-320 -140 8 0
-320 141 -9 0
-320 -141 9 0
-320 106 -61 0
-320 -106 61 0
-320 107 -62 0
-320 -107 62 0
-320 108 -63 0
-320 -108 63 0
-320 100 -67 0
-320 -100 67 0
-320 101 -68 0
-320 -101 68 0
-320 102 -69 0
-320 -102 69 0
-320 85 -16 0
-320 -85 16 0
-320 86 -17 0
-320 -86 17 0
-320 87 -18 0
-320 -87 18 0
-320 88 -22 0
-320 -88 22 0
-320 89 -23 0
-320 -89 23 0
-320 90 -24 0
-320 -90 24 0
-320 91 -13 0
-320 -91 13 0
-320 92 -14 0
-320 -92 14 0
-320 93 -15 0
-320 -93 15 0
-320 94 -19 0
-320 -94 19 0
-320 95 -20 0
-320 -95 20 0
-320 96 -21 0
-320 -96 21 0
-344 193 -106 0
-344 -193 106 0
-344 194 -107 0
-344 -194 107 0
-344 195 -108 0
-344 -195 108 0
-344 199 -100 0
-344 -199 100 0
-344 200 -101 0
-344 -200 101 0
-344 201 -102 0
-344 -201 102 0
-344 145 -121 0
-344 -145 121 0
-344 146 -122 0
-344 -146 122 0
-344 147 -123 0
-344 -147 123 0
-344 151 -127 0
-344 -151 127 0
-344 152 -128 0
-344 -152 128 0
-344 153 -129 0
-344 -153 129 0
-344 205 -73 0
-344 -205 73 0
-344 206 -74 0
-344 -206 74 0
-344 207 -75 0
-344 -207 75 0
-344 211 -79 0
-344 -211 79 0
-344 212 -80 0
-344 -212 80 0
-344 213 -81 0
-344 -213 81 0
-344 178 -133 0
-344 -178 133 0
-344 179 -134 0
-344 -179 134 0
-344 180 -135 0
-344 -180 135 0
-344 172 -139 0
-344 -172 139 0
-344 173 -140 0
-344 -173 140 0
-344 174 -141 0
-344 -174 141 0
-344 157 -88 0
-344 -157 88 0
-344 158 -89 0
-344 -158 89 0
-344 159 -90 0
-344 -159 90 0
-344 160 -94 0
-344 -160 94 0
-344 161 -95 0
-344 -161 95 0
-344 162 -96 0
-344 -162 96 0
-344 163 -85 0
-344 -163 85 0
-344 164 -86 0
-344 -164 86 0
-344 165 -87 0
-344 -165 87 0
-344 166 -91 0
-344 -166 91 0
-344 167 -92 0
-344 -167 92 0
-344 168 -93 0
-344 -168 93 0
-326 121 -1 0
-326 -121 1 0
-326 122 -2 0
-326 -122 2 0
-326 123 -3 0
-326 -123 3 0
-326 127 -7 0
-326 -127 7 0
-326 128 -8 0
-326 -128 8 0
-326 129 -9 0
-326 -129 9 0
-326 73 -61 0
-326 -73 61 0
-326 74 -62 0
-326 -74 62 0
-326 75 -63 0
-326 -75 63 0
-326 79 -67 0
-326 -79 67 0
-326 80 -68 0
-326 -80 68 0
-326 81 -69 0
-326 -81 69 0
-326 133 -34 0
-326 -133 34 0
-326 134 -35 0
-326 -134 35 0
-326 135 -36 0
-326 -135 36 0
-326 139 -28 0
-326 -139 28 0
-326 140 -29 0
-326 -140 29 0
-326 141 -30 0
-326 -141 30 0
-326 106 -49 0
-326 -106 49 0
-326 107 -50 0
-326 -107 50 0
-326 108 -51 0
-326 -108 51 0
-326 100 -55 0
-326 -100 55 0
-326 101 -56 0
-326 -101 56 0
-326 102 -57 0
-326 -102 57 0
-326 85 -19 0
-326 -85 19 0
-326 86 -20 0
-326 -86 20 0
-326 87 -21 0
-326 -87 21 0
-326 88 -13 0
-326 -88 13 0
-326 89 -14 0
-326 -89 14 0
-326 90 -15 0
-326 -90 15 0
-326 91 -22 0
-326 -91 22 0
-326 92 -23 0
-326 -92 23 0
-326 93 -24 0
-326 -93 24 0
-326 94 -16 0
-326 -94 16 0
-326 95 -17 0
-326 -95 17 0
-326 96 -18 0
-326 -96 18 0
-350 193 -73 0
-350 -193 73 0
-350 194 -74 0
-350 -194 74 0
-350 195 -75 0
-350 -195 75 0
-350 199 -79 0
-350 -199 79 0
-350 200 -80 0
-350 -200 80 0
-350 201 -81 0
-350 -201 81 0
-350 145 -133 0
-350 -145 133 0
-350 146 -134 0
-350 -146 134 0
-350 147 -135 0
-350 -147 135 0
-350 151 -139 0
-350 -151 139 0
-350 152 -140 0
-350 -152 140 0
-350 153 -141 0
-350 -153 141 0
-350 205 -106 0
-350 -205 106 0
-350 206 -107 0
-350 -206 107 0
-350 207 -108 0
-350 -207 108 0
-350 211 -100 0
-350 -211 100 0
-350 212 -101 0
-350 -212 101 0
-350 213 -102 0
-350 -213 102 0
-350 178 -121 0
-350 -178 121 0
-350 179 -122 0
-350 -179 122 0
-350 180 -123 0
-350 -180 123 0
-350 172 -127 0
-350 -172 127 0
-350 173 -128 0
-350 -173 128 0
-350 174 -129 0
-350 -174 129 0
-350 157 -91 0
-350 -157 91 0
-350 158 -92 0
-350 -158 92 0
-350 159 -93 0
-350 -159 93 0
-350 160 -85 0
-350 -160 85 0
-350 161 -86 0
-350 -161 86 0
-350 162 -87 0
-350 -162 87 0
-350 163 -94 0
-350 -163 94 0
-350 164 -95 0
-350 -164 95 0
-350 165 -96 0
-350 -165 96 0
-350 166 -88 0
-350 -166 88 0
-350 167 -89 0
-350 -167 89 0
-350 168 -90 0
-350 -168 90 0
-332 121 -61 0
-332 -121 61 0
-332 122 -62 0
-332 -122 62 0
-332 123 -63 0
-332 -123 63 0
-332 127 -67 0
-332 -127 67 0
-332 128 -68 0
-332 -128 68 0
-332 129 -69 0
-332 -129 69 0
-332 73 -34 0
-332 -73 34 0
-332 74 -35 0
-332 -74 35 0
-332 75 -36 0
-332 -75 36 0
-332 79 -28 0
-332 -79 28 0
-332 80 -29 0
-332 -80 29 0
-332 81 -30 0
-332 -81 30 0
-332 133 -49 0
-332 -133 49 0
-332 134 -50 0
-332 -134 50 0
-332 135 -51 0
-332 -135 51 0
-332 139 -55 0
-332 -139 55 0
-332 140 -56 0
-332 -140 56 0
-332 141 -57 0
-332 -141 57 0
-332 106 -1 0
-332 -106 1 0
-332 107 -2 0
-332 -107 2 0
-332 108 -3 0
-332 -108 3 0
-332 100 -7 0
-332 -100 7 0
-332 101 -8 0
-332 -101 8 0
-332 102 -9 0
-332 -102 9 0
-332 85 -22 0
-332 -85 22 0
-332 86 -23 0
-332 -86 23 0
-332 87 -24 0
-332 -87 24 0
-332 88 -19 0
-332 -88 19 0
-332 89 -20 0
-332 -89 20 0
-332 90 -21 0
-332 -90 21 0
-332 91 -16 0
-332 -91 16 0
-332 92 -17 0
-332 -92 17 0
-332 93 -18 0
-332 -93 18 0
-332 94 -13 0
-332 -94 13 0
-332 95 -14 0
-332 -95 14 0
-332 96 -15 0
-332 -96 15 0
-356 193 -133 0
-356 -193 133 0
-356 194 -134 0
-356 -194 134 0
-356 195 -135 0
-356 -195 135 0
-356 199 -139 0
-356 -199 139 0
-356 200 -140 0
-356 -200 140 0
-356 201 -141 0
-356 -201 141 0
-356 145 -106 0
-356 -145 106 0
-356 146 -107 0
-356 -146 107 0
-356 147 -108 0
-356 -147 108 0
-356 151 -100 0
-356 -151 100 0
-356 152 -101 0
-356 -152 101 0
-356 153 -102 0
-356 -153 102 0
-356 205 -121 0
-356 -205 121 0
-356 206 -122 0
-356 -206 122 0
-356 207 -123 0
-356 -207 123 0
-356 211 -127 0
-356 -211 127 0
-356 212 -128 0
-356 -212 128 0
-356 213 -129 0
-356 -213 129 0
-356 178 -73 0
-356 -178 73 0
-356 179 -74 0
-356 -179 74 0
-356 180 -75 0
-356 -180 75 0
-356 172 -79 0
-356 -172 79 0
-356 173 -80 0
-356 -173 80 0
-356 174 -81 0
-356 -174 81 0
-356 157 -94 0
-356 -157 94 0
-356 158 -95 0
-356 -158 95 0
-356 159 -96 0
-356 -159 96 0
-356 160 -91 0
-356 -160 91 0
-356 161 -92 0
-356 -161 92 0
-356 162 -93 0
-356 -162 93 0
-356 163 -88 0
-356 -163 88 0
-356 164 -89 0
-356 -164 89 0
-356 165 -90 0
-356 -165 90 0
-356 166 -85 0
-356 -166 85 0
-356 167 -86 0
-356 -167 86 0
-356 168 -87 0
-356 -168 87 0
-315 73 -1 0
-315 -73 1 0
-315 74 -2 0
-315 -74 2 0
-315 75 -3 0
-315 -75 3 0
-315 76 -4 0
-315 -76 4 0
-315 77 -5 0
-315 -77 5 0
-315 78 -6 0
-315 -78 6 0
-315 79 -7 0
-315 -79 7 0
-315 80 -8 0
-315 -80 8 0
-315 81 -9 0
-315 -81 9 0
-315 82 -10 0
-315 -82 10 0
-315 83 -11 0
-315 -83 11 0
-315 84 -12 0
-315 -84 12 0
-315 94 -22 0
-315 -94 22 0
-315 95 -23 0
-315 -95 23 0
-315 96 -24 0
-315 -96 24 0
-315 88 -16 0
-315 -88 16 0
-315 89 -17 0
-315 -89 17 0
-315 90 -18 0
-315 -90 18 0
-315 127 -55 0
-315 -127 55 0
-315 128 -56 0
-315 -128 56 0
-315 129 -57 0
-315 -129 57 0
-315 130 -58 0
-315 -130 58 0
-315 131 -59 0
-315 -131 59 0
-315 132 -60 0
-315 -132 60 0
-315 109 -37 0
-315 -109 37 0
-315 110 -38 0
-315 -110 38 0
-315 111 -39 0
-315 -111 39 0
-315 115 -43 0
-315 -115 43 0
-315 116 -44 0
-315 -116 44 0
-315 117 -45 0
-315 -117 45 0
-315 136 -64 0
-315 -136 64 0
-315 137 -65 0
-315 -137 65 0
-315 138 -66 0
-315 -138 66 0
-315 133 -61 0
-315 -133 61 0
-315 134 -62 0
-315 -134 62 0
-315 135 -63 0
-315 -135 63 0
-339 145 -73 0
-339 -145 73 0
-339 146 -74 0
-339 -146 74 0
-339 147 -75 0
-339 -147 75 0
-339 148 -76 0
-339 -148 76 0
-339 149 -77 0
-339 -149 77 0
-339 150 -78 0
-339 -150 78 0
-339 151 -79 0
-339 -151 79 0
-339 152 -80 0
-339 -152 80 0
-339 153 -81 0
-339 -153 81 0
-339 154 -82 0
-339 -154 82 0
-339 155 -83 0
-339 -155 83 0
-339 156 -84 0
-339 -156 84 0
-339 166 -94 0
-339 -166 94 0
-339 167 -95 0
-339 -167 95 0
-339 168 -96 0
-339 -168 96 0
-339 160 -88 0
-339 -160 88 0
-339 161 -89 0
-339 -161 89 0
-339 162 -90 0
-339 -162 90 0
-339 199 -127 0
-339 -199 127 0
-339 200 -128 0
-339 -200 128 0
-339 201 -129 0
-339 -201 129 0
-339 202 -130 0
-339 -202 130 0
-339 203 -131 0
-339 -203 131 0
-339 204 -132 0
-339 -204 132 0
-339 181 -109 0
-339 -181 109 0
-339 182 -110 0
-339 -182 110 0
-339 183 -111 0
-339 -183 111 0
-339 187 -115 0
-339 -187 115 0
-339 188 -116 0
-339 -188 116 0
-339 189 -117 0
-339 -189 117 0
-339 208 -136 0
-339 -208 136 0
-339 209 -137 0
-339 -209 137 0
-339 210 -138 0
-339 -210 138 0
-339 205 -133 0
-339 -205 133 0
-339 206 -134 0
-339 -206 134 0
-339 207 -135 0
-339 -207 135 0
-321 124 -46 0
-321 -124 46 0
-321 125 -47 0
-321 -125 47 0
-321 126 -48 0
-321 -126 48 0
-321 121 -40 0
-321 -121 40 0
-321 122 -41 0
-321 -122 41 0
-321 123 -42 0
-321 -123 42 0
-321 85 -52 0
-321 -85 52 0
-321 86 -53 0
-321 -86 53 0
-321 87 -54 0
-321 -87 54 0
-321 91 -49 0
-321 -91 49 0
-321 92 -50 0
-321 -92 50 0
-321 93 -51 0
-321 -93 51 0
-321 139 -13 0
-321 -139 13 0
-321 140 -14 0
-321 -140 14 0
-321 141 -15 0
-321 -141 15 0
-321 142 -19 0
-321 -142 19 0
-321 143 -20 0
-321 -143 20 0
-321 144 -21 0
-321 -144 21 0
-321 118 -67 0
-321 -118 67 0
-321 119 -68 0
-321 -119 68 0
-321 120 -69 0
-321 -120 69 0
-321 112 -70 0
-321 -112 70 0
-321 113 -71 0
-321 -113 71 0
-321 114 -72 0
-321 -114 72 0
-321 97 -28 0
-321 -97 28 0
-321 98 -29 0
-321 -98 29 0
-321 99 -30 0
-321 -99 30 0
-321 100 -34 0
-321 -100 34 0
-321 101 -35 0
-321 -101 35 0
-321 102 -36 0
-321 -102 36 0
-321 103 -25 0
-321 -103 25 0
-321 104 -26 0
-321 -104 26 0
-321 105 -27 0
-321 -105 27 0
-321 106 -31 0
-321 -106 31 0
-321 107 -32 0
-321 -107 32 0
-321 108 -33 0
-321 -108 33 0
-345 196 -118 0
-345 -196 118 0
-345 197 -119 0
-345 -197 119 0
-345 198 -120 0
-345 -198 120 0
-345 193 -112 0
-345 -193 112 0
-345 194 -113 0
-345 -194 113 0
-345 195 -114 0
-345 -195 114 0
-345 157 -124 0
-345 -157 124 0
-345 158 -125 0
-345 -158 125 0
-345 159 -126 0
-345 -159 126 0
-345 163 -121 0
-345 -163 121 0
-345 164 -122 0
-345 -164 122 0
-345 165 -123 0
-345 -165 123 0
-345 211 -85 0
-345 -211 85 0
-345 212 -86 0
-345 -212 86 0
-345 213 -87 0
-345 -213 87 0
-345 214 -91 0
-345 -214 91 0
-345 215 -92 0
-345 -215 92 0
-345 216 -93 0
-345 -216 93 0
-345 190 -139 0
-345 -190 139 0
-345 191 -140 0
-345 -191 140 0
-345 192 -141 0
-345 -192 141 0
-345 184 -142 0
-345 -184 142 0
-345 185 -143 0
-345 -185 143 0
-345 186 -144 0
-345 -186 144 0
-345 169 -100 0
-345 -169 100 0
-345 170 -101 0
-345 -170 101 0
-345 171 -102 0
-345 -171 102 0
-345 172 -106 0
-345 -172 106 0
-345 173 -107 0
-345 -173 107 0
-345 174 -108 0
-345 -174 108 0
-345 175 -97 0
-345 -175 97 0
-345 176 -98 0
-345 -176 98 0
-345 177 -99 0
-345 -177 99 0
-345 178 -103 0
-345 -178 103 0
-345 179 -104 0
-345 -179 104 0
-345 180 -105 0
-345 -180 105 0
-327 124 -13 0
-327 -124 13 0
-327 125 -14 0
-327 -125 14 0
-327 126 -15 0
-327 -126 15 0
-327 121 -19 0
-327 -121 19 0
-327 122 -20 0
-327 -122 20 0
-327 123 -21 0
-327 -123 21 0
-327 85 -67 0
-327 -85 67 0
-327 86 -68 0
-327 -86 68 0
-327 87 -69 0
-327 -87 69 0
-327 91 -70 0
-327 -91 70 0
-327 92 -71 0
-327 -92 71 0
-327 93 -72 0
-327 -93 72 0
-327 139 -46 0
-327 -139 46 0
-327 140 -47 0
-327 -140 47 0
-327 141 -48 0
-327 -141 48 0
-327 142 -40 0
-327 -142 40 0
-327 143 -41 0
-327 -143 41 0
-327 144 -42 0
-327 -144 42 0
-327 118 -52 0
-327 -118 52 0
-327 119 -53 0
-327 -119 53 0
-327 120 -54 0
-327 -120 54 0
-327 112 -49 0
-327 -112 49 0
-327 113 -50 0
-327 -113 50 0
-327 114 -51 0
-327 -114 51 0
-327 97 -31 0
-327 -97 31 0
-327 98 -32 0
-327 -98 32 0
-327 99 -33 0
-327 -99 33 0
-327 100 -25 0
-327 -100 25 0
-327 101 -26 0
-327 -101 26 0
-327 102 -27 0
-327 -102 27 0
-327 103 -34 0
-327 -103 34 0
-327 104 -35 0
-327 -104 35 0
-327 105 -36 0
-327 -105 36 0
-327 106 -28 0
-327 -106 28 0
-327 107 -29 0
-327 -107 29 0
-327 108 -30 0
-327 -108 30 0
-351 196 -85 0
-351 -196 85 0
-351 197 -86 0
-351 -197 86 0
-351 198 -87 0
-351 -198 87 0
-351 193 -91 0
-351 -193 91 0
-351 194 -92 0
-351 -194 92 0
-351 195 -93 0
-351 -195 93 0
-351 157 -139 0
-351 -157 139 0
-351 158 -140 0
-351 -158 140 0
-351 159 -141 0
-351 -159 141 0
-351 163 -142 0
-351 -163 142 0
-351 164 -143 0
-351 -164 143 0
-351 165 -144 0
-351 -165 144 0
-351 211 -118 0
-351 -211 118 0
-351 212 -119 0
-351 -212 119 0
-351 213 -120 0
-351 -213 120 0
-351 214 -112 0
-351 -214 112 0
-351 215 -113 0
-351 -215 113 0
-351 216 -114 0
-351 -216 114 0
-351 190 -124 0
-351 -190 124 0
-351 191 -125 0
-351 -191 125 0
-351 192 -126 0
-351 -192 126 0
-351 184 -121 0
-351 -184 121 0
-351 185 -122 0
-351 -185 122 0
-351 186 -123 0
-351 -186 123 0
-351 169 -103 0
-351 -169 103 0
-351 170 -104 0
-351 -170 104 0
-351 171 -105 0
-351 -171 105 0
-351 172 -97 0
-351 -172 97 0
-351 173 -98 0
-351 -173 98 0
-351 174 -99 0
-351 -174 99 0
-351 175 -106 0
-351 -175 106 0
-351 176 -107 0
-351 -176 107 0
-351 177 -108 0
-351 -177 108 0
-351 178 -100 0
-351 -178 100 0
-351 179 -101 0
-351 -179 101 0
-351 180 -102 0
-351 -180 102 0
-333 124 -67 0
-333 -124 67 0
-333 125 -68 0
-333 -125 68 0
-333 126 -69 0
-333 -126 69 0
-333 121 -70 0
-333 -121 70 0
-333 122 -71 0
-333 -122 71 0
-333 123 -72 0
-333 -123 72 0
-333 85 -46 0
-333 -85 46 0
-333 86 -47 0
-333 -86 47 0
-333 87 -48 0
-333 -87 48 0
-333 91 -40 0
-333 -91 40 0
-333 92 -41 0
-333 -92 41 0
-333 93 -42 0
-333 -93 42 0
-333 139 -52 0
-333 -139 52 0
-333 140 -53 0
-333 -140 53 0
-333 141 -54 0
-333 -141 54 0
-333 142 -49 0
-333 -142 49 0
-333 143 -50 0
-333 -143 50 0
-333 144 -51 0
-333 -144 51 0
-333 118 -13 0
-333 -118 13 0
-333 119 -14 0
-333 -119 14 0
-333 120 -15 0
-333 -120 15 0
-333 112 -19 0
-333 -112 19 0
-333 113 -20 0
-333 -113 20 0
-333 114 -21 0
-333 -114 21 0
-333 97 -34 0
-333 -97 34 0
-333 98 -35 0
-333 -98 35 0
-333 99 -36 0
-333 -99 36 0
-333 100 -31 0
-333 -100 31 0
-333 101 -32 0
-333 -101 32 0
-333 102 -33 0
-333 -102 33 0
-333 103 -28 0
-333 -103 28 0
-333 104 -29 0
-333 -104 29 0
-333 105 -30 0
-333 -105 30 0
-333 106 -25 0
-333 -106 25 0
-333 107 -26 0
-333 -107 26 0
-333 108 -27 0
-333 -108 27 0
-357 196 -139 0
-357 -196 139 0
-357 197 -140 0
-357 -197 140 0
-357 198 -141 0
-357 -198 141 0
-357 193 -142 0
-357 -193 142 0
-357 194 -143 0
-357 -194 143 0
-357 195 -144 0
-357 -195 144 0
-357 157 -118 0
-357 -157 118 0
-357 158 -119 0
-357 -158 119 0
-357 159 -120 0
-357 -159 120 0
-357 163 -112 0
-357 -163 112 0
-357 164 -113 0
-357 -164 113 0
-357 165 -114 0
-357 -165 114 0
-357 211 -124 0
-357 -211 124 0
-357 212 -125 0
-357 -212 125 0
-357 213 -126 0
-357 -213 126 0
-357 214 -121 0
-357 -214 121 0
-357 215 -122 0
-357 -215 122 0
-357 216 -123 0
-357 -216 123 0
-357 190 -85 0
-357 -190 85 0
-357 191 -86 0
-357 -191 86 0
-357 192 -87 0
-357 -192 87 0
-357 184 -91 0
-357 -184 91 0
-357 185 -92 0
-357 -185 92 0
-357 186 -93 0
-357 -186 93 0
-357 169 -106 0
-357 -169 106 0
-357 170 -107 0
-357 -170 107 0
-357 171 -108 0
-357 -171 108 0
-357 172 -103 0
-357 -172 103 0
-357 173 -104 0
-357 -173 104 0
-357 174 -105 0
-357 -174 105 0
-357 175 -100 0
-357 -175 100 0
-357 176 -101 0
-357 -176 101 0
-357 177 -102 0
-357 -177 102 0
-357 178 -97 0
-357 -178 97 0
-357 179 -98 0
-357 -179 98 0
-357 180 -99 0
-357 -180 99 0
-316 85 -13 0
-316 -85 13 0
-316 86 -14 0
-316 -86 14 0
-316 87 -15 0
-316 -87 15 0
-316 88 -16 0
-316 -88 16 0
-316 89 -17 0
-316 -89 17 0
-316 90 -18 0
-316 -90 18 0
-316 91 -19 0
-316 -91 19 0
-316 92 -20 0
-316 -92 20 0
-316 93 -21 0
-316 -93 21 0
-316 94 -22 0
-316 -94 22 0
-316 95 -23 0
-316 -95 23 0
-316 96 -24 0
-316 -96 24 0
-316 121 -49 0
-316 -121 49 0
-316 122 -50 0
-316 -122 50 0
-316 123 -51 0
-316 -123 51 0
-316 127 -55 0
-316 -127 55 0
-316 128 -56 0
-316 -128 56 0
-316 129 -57 0
-316 -129 57 0
-316 73 -1 0
-316 -73 1 0
-316 74 -2 0
-316 -74 2 0
-316 75 -3 0
-316 -75 3 0
-316 79 -7 0
-316 -79 7 0
-316 80 -8 0
-316 -80 8 0
-316 81 -9 0
-316 -81 9 0
-316 133 -61 0
-316 -133 61 0
-316 134 -62 0
-316 -134 62 0
-316 135 -63 0
-316 -135 63 0
-316 139 -67 0
-316 -139 67 0
-316 140 -68 0
-316 -140 68 0
-316 141 -69 0
-316 -141 69 0
-316 106 -34 0
-316 -106 34 0
-316 107 -35 0
-316 -107 35 0
-316 108 -36 0
-316 -108 36 0
-316 100 -28 0
-316 -100 28 0
-316 101 -29 0
-316 -101 29 0
-316 102 -30 0
-316 -102 30 0
-340 157 -85 0
-340 -157 85 0
-340 158 -86 0
-340 -158 86 0
-340 159 -87 0
-340 -159 87 0
-340 160 -88 0
-340 -160 88 0
-340 161 -89 0
-340 -161 89 0
-340 162 -90 0
-340 -162 90 0
-340 163 -91 0
-340 -163 91 0
-340 164 -92 0
-340 -164 92 0
-340 165 -93 0
-340 -165 93 0
-340 166 -94 0
-340 -166 94 0
-340 167 -95 0
-340 -167 95 0
-340 168 -96 0
-340 -168 96 0
-340 193 -121 0
-340 -193 121 0
-340 194 -122 0
-340 -194 122 0
-340 195 -123 0
-340 -195 123 0
-340 199 -127 0
-340 -199 127 0
-340 200 -128 0
-340 -200 128 0
-340 201 -129 0
-340 -201 129 0
-340 145 -73 0
-340 -145 73 0
-340 146 -74 0
-340 -146 74 0
-340 147 -75 0
-340 -147 75 0
-340 151 -79 0
-340 -151 79 0
-340 152 -80 0
-340 -152 80 0
-340 153 -81 0
-340 -153 81 0
-340 205 -133 0
-340 -205 133 0
-340 206 -134 0
-340 -206 134 0
-340 207 -135 0
-340 -207 135 0
-340 211 -139 0
-340 -211 139 0
-340 212 -140 0
-340 -212 140 0
-340 213 -141 0
-340 -213 141 0
-340 178 -106 0
-340 -178 106 0
-340 179 -107 0
-340 -179 107 0
-340 180 -108 0
-340 -180 108 0
-340 172 -100 0
-340 -172 100 0
-340 173 -101 0
-340 -173 101 0
-340 174 -102 0
-340 -174 102 0
-322 130 -10 0
-322 -130 10 0
-322 131 -11 0
-322 -131 11 0
-322 132 -12 0
-322 -132 12 0
-322 124 -4 0
-322 -124 4 0
-322 125 -5 0
-322 -125 5 0
-322 126 -6 0
-322 -126 6 0
-322 97 -58 0
-322 -97 58 0
-322 98 -59 0
-322 -98 59 0
-322 99 -60 0
-322 -99 60 0
-322 103 -52 0
-322 -103 52 0
-322 104 -53 0
-322 -104 53 0
-322 105 -54 0
-322 -105 54 0
-322 142 -25 0
-322 -142 25 0
-322 143 -26 0
-322 -143 26 0
-322 144 -27 0
-322 -144 27 0
-322 136 -31 0
-322 -136 31 0
-322 137 -32 0
-322 -137 32 0
-322 138 -33 0
-322 -138 33 0
-322 82 -70 0
-322 -82 70 0
-322 83 -71 0
-322 -83 71 0
-322 84 -72 0
-322 -84 72 0
-322 76 -64 0
-322 -76 64 0
-322 77 -65 0
-322 -77 65 0
-322 78 -66 0
-322 -78 66 0
-322 109 -40 0
-322 -109 40 0
-322 110 -41 0
-322 -110 41 0
-322 111 -42 0
-322 -111 42 0
-322 112 -46 0
-322 -112 46 0
-322 113 -47 0
-322 -113 47 0
-322 114 -48 0
-322 -114 48 0
-322 115 -37 0
-322 -115 37 0
-322 116 -38 0
-322 -116 38 0
-322 117 -39 0
-322 -117 39 0
-322 118 -43 0
-322 -118 43 0
-322 119 -44 0
-322 -119 44 0
-322 120 -45 0
-322 -120 45 0
-346 202 -82 0
-346 -202 82 0
-346 203 -83 0
-346 -203 83 0
-346 204 -84 0
-346 -204 84 0
-346 196 -76 0
-346 -196 76 0
-346 197 -77 0
-346 -197 77 0
-346 198 -78 0
-346 -198 78 0
-346 169 -130 0
-346 -169 130 0
-346 170 -131 0
-346 -170 131 0
-346 171 -132 0
-346 -171 132 0
-346 175 -124 0
-346 -175 124 0
-346 176 -125 0
-346 -176 125 0
-346 177 -126 0
-346 -177 126 0
-346 214 -97 0
-346 -214 97 0
-346 215 -98 0
-346 -215 98 0
-346 216 -99 0
-346 -216 99 0
-346 208 -103 0
-346 -208 103 0
-346 209 -104 0
-346 -209 104 0
-346 210 -105 0
-346 -210 105 0
-346 154 -142 0
-346 -154 142 0
-346 155 -143 0
-346 -155 143 0
-346 156 -144 0
-346 -156 144 0
-346 148 -136 0
-346 -148 136 0
-346 149 -137 0
-346 -149 137 0
-346 150 -138 0
-346 -150 138 0
-346 181 -112 0
-346 -181 112 0
-346 182 -113 0
-346 -182 113 0
-346 183 -114 0
-346 -183 114 0
-346 184 -118 0
-346 -184 118 0
-346 185 -119 0
-346 -185 119 0
-346 186 -120 0
-346 -186 120 0
-346 187 -109 0
-346 -187 109 0
-346 188 -110 0
-346 -188 110 0
-346 189 -111 0
-346 -189 111 0
-346 190 -115 0
-346 -190 115 0
-346 191 -116 0
-346 -191 116 0
-346 192 -117 0
-346 -192 117 0
-328 130 -25 0
-328 -130 25 0
-328 131 -26 0
-328 -131 26 0
-328 132 -27 0
-328 -132 27 0
-328 124 -31 0
-328 -124 31 0
-328 125 -32 0
-328 -125 32 0
-328 126 -33 0
-328 -126 33 0
-328 97 -70 0
-328 -97 70 0
-328 98 -71 0
-328 -98 71 0
-328 99 -72 0
-328 -99 72 0
-328 103 -64 0
-328 -103 64 0
-328 104 -65 0
-328 -104 65 0
-328 105 -66 0
-328 -105 66 0
-328 142 -10 0
-328 -142 10 0
-328 143 -11 0
-328 -143 11 0
-328 144 -12 0
-328 -144 12 0
-328 136 -4 0
-328 -136 4 0
-328 137 -5 0
-328 -137 5 0
-328 138 -6 0
-328 -138 6 0
-328 82 -58 0
-328 -82 58 0
-328 83 -59 0
-328 -83 59 0
-328 84 -60 0
-328 -84 60 0
-328 76 -52 0
-328 -76 52 0
-328 77 -53 0
-328 -77 53 0
-328 78 -54 0
-328 -78 54 0
-328 109 -43 0
-328 -109 43 0
-328 110 -44 0
-328 -110 44 0
-328 111 -45 0
-328 -111 45 0
-328 112 -37 0
-328 -112 37 0
-328 113 -38 0
-328 -113 38 0
-328 114 -39 0
-328 -114 39 0
-328 115 -46 0
-328 -115 46 0
-328 116 -47 0
-328 -116 47 0
-328 117 -48 0
-328 -117 48 0
-328 118 -40 0
-328 -118 40 0
-328 119 -41 0
-328 -119 41 0
-328 120 -42 0
-328 -120 42 0
-352 202 -97 0
-352 -202 97 0
-352 203 -98 0
-352 -203 98 0
-352 204 -99 0
-352 -204 99 0
-352 196 -103 0
-352 -196 103 0
-352 197 -104 0
-352 -197 104 0
-352 198 -105 0
-352 -198 105 0
-352 169 -142 0
-352 -169 142 0
-352 170 -143 0
-352 -170 143 0
-352 171 -144 0
-352 -171 144 0
-352 175 -136 0
-352 -175 136 0
-352 176 -137 0
-352 -176 137 0
-352 177 -138 0
-352 -177 138 0
-352 214 -82 0
-352 -214 82 0
-352 215 -83 0
-352 -215 83 0
-352 216 -84 0
-352 -216 84 0
-352 208 -76 0
-352 -208 76 0
-352 209 -77 0
-352 -209 77 0
-352 210 -78 0
-352 -210 78 0
-352 154 -130 0
-352 -154 130 0
-352 155 -131 0
-352 -155 131 0
-352 156 -132 0
-352 -156 132 0
-352 148 -124 0
-352 -148 124 0
-352 149 -125 0
-352 -149 125 0
-352 150 -126 0
-352 -150 126 0
-352 181 -115 0
-352 -181 115 0
-352 182 -116 0
-352 -182 116 0
-352 183 -117 0
-352 -183 117 0
-352 184 -109 0
-352 -184 109 0
-352 185 -110 0
-352 -185 110 0
-352 186 -111 0
-352 -186 111 0
-352 187 -118 0
-352 -187 118 0
-352 188 -119 0
-352 -188 119 0
-352 189 -120 0
-352 -189 120 0
-352 190 -112 0
-352 -190 112 0
-352 191 -113 0
-352 -191 113 0
-352 192 -114 0
-352 -192 114 0
-334 130 -70 0
-334 -130 70 0
-334 131 -71 0
-334 -131 71 0
-334 132 -72 0
-334 -132 72 0
-334 124 -64 0
-334 -124 64 0
-334 125 -65 0
-334 -125 65 0
-334 126 -66 0
-334 -126 66 0
-334 97 -10 0
-334 -97 10 0
-334 98 -11 0
-334 -98 11 0
-334 99 -12 0
-334 -99 12 0
-334 103 -4 0
-334 -103 4 0
-334 104 -5 0
-334 -104 5 0
-334 105 -6 0
-334 -105 6 0
-334 142 -58 0
-334 -142 58 0
-334 143 -59 0
-334 -143 59 0
-334 144 -60 0
-334 -144 60 0
-334 136 -52 0
-334 -136 52 0
-334 137 -53 0
-334 -137 53 0
-334 138 -54 0
-334 -138 54 0
-334 82 -25 0
-334 -82 25 0
-334 83 -26 0
-334 -83 26 0
-334 84 -27 0
-334 -84 27 0
-334 76 -31 0
-334 -76 31 0
-334 77 -32 0
-334 -77 32 0
-334 78 -33 0
-334 -78 33 0
-334 109 -46 0
-334 -109 46 0
-334 110 -47 0
-334 -110 47 0
-334 111 -48 0
-334 -111 48 0
-334 112 -43 0
-334 -112 43 0
-334 113 -44 0
-334 -113 44 0
-334 114 -45 0
-334 -114 45 0
-334 115 -40 0
-334 -115 40 0
-334 116 -41 0
-334 -116 41 0
-334 117 -42 0
-334 -117 42 0
-334 118 -37 0
-334 -118 37 0
-334 119 -38 0
-334 -119 38 0
-334 120 -39 0
-334 -120 39 0
-358 202 -142 0
-358 -202 142 0
-358 203 -143 0
-358 -203 143 0
-358 204 -144 0
-358 -204 144 0
-358 196 -136 0
-358 -196 136 0
-358 197 -137 0
-358 -197 137 0
-358 198 -138 0
-358 -198 138 0
-358 169 -82 0
-358 -169 82 0
-358 170 -83 0
-358 -170 83 0
-358 171 -84 0
-358 -171 84 0
-358 175 -76 0
-358 -175 76 0
-358 176 -77 0
-358 -176 77 0
-358 177 -78 0
-358 -177 78 0
-358 214 -130 0
-358 -214 130 0
-358 215 -131 0
-358 -215 131 0
-358 216 -132 0
-358 -216 132 0
-358 208 -124 0
-358 -208 124 0
-358 209 -125 0
-358 -209 125 0
-358 210 -126 0
-358 -210 126 0
-358 154 -97 0
-358 -154 97 0
-358 155 -98 0
-358 -155 98 0
-358 156 -99 0
-358 -156 99 0
-358 148 -103 0
-358 -148 103 0
-358 149 -104 0
-358 -149 104 0
-358 150 -105 0
-358 -150 105 0
-358 181 -118 0
-358 -181 118 0
-358 182 -119 0
-358 -182 119 0
-358 183 -120 0
-358 -183 120 0
-358 184 -115 0
-358 -184 115 0
-358 185 -116 0
-358 -185 116 0
-358 186 -117 0
-358 -186 117 0
-358 187 -112 0
-358 -187 112 0
-358 188 -113 0
-358 -188 113 0
-358 189 -114 0
-358 -189 114 0
-358 190 -109 0
-358 -190 109 0
-358 191 -110 0
-358 -191 110 0
-358 192 -111 0
-358 -192 111 0
-317 133 -61 0
-317 -133 61 0
-317 134 -62 0
-317 -134 62 0
-317 135 -63 0
-317 -135 63 0
-317 136 -64 0
-317 -136 64 0
-317 137 -65 0
-317 -137 65 0
-317 138 -66 0
-317 -138 66 0
-317 139 -67 0
-317 -139 67 0
-317 140 -68 0
-317 -140 68 0
-317 141 -69 0
-317 -141 69 0
-317 142 -70 0
-317 -142 70 0
-317 143 -71 0
-317 -143 71 0
-317 144 -72 0
-317 -144 72 0
-317 115 -43 0
-317 -115 43 0
-317 116 -44 0
-317 -116 44 0
-317 117 -45 0
-317 -117 45 0
-317 118 -46 0
-317 -118 46 0
-317 119 -47 0
-317 -119 47 0
-317 120 -48 0
-317 -120 48 0
-317 103 -31 0
-317 -103 31 0
-317 104 -32 0
-317 -104 32 0
-317 105 -33 0
-317 -105 33 0
-317 106 -34 0
-317 -106 34 0
-317 107 -35 0
-317 -107 35 0
-317 108 -36 0
-317 -108 36 0
-317 91 -19 0
-317 -91 19 0
-317 92 -20 0
-317 -92 20 0
-317 93 -21 0
-317 -93 21 0
-317 94 -22 0
-317 -94 22 0
-317 95 -23 0
-317 -95 23 0
-317 96 -24 0
-317 -96 24 0
-317 79 -7 0
-317 -79 7 0
-317 80 -8 0
-317 -80 8 0
-317 81 -9 0
-317 -81 9 0
-317 82 -10 0
-317 -82 10 0
-317 83 -11 0
-317 -83 11 0
-317 84 -12 0
-317 -84 12 0
-341 205 -133 0
-341 -205 133 0
-341 206 -134 0
-341 -206 134 0
-341 207 -135 0
-341 -207 135 0
-341 208 -136 0
-341 -208 136 0
-341 209 -137 0
-341 -209 137 0
-341 210 -138 0
-341 -210 138 0
-341 211 -139 0
-341 -211 139 0
-341 212 -140 0
-341 -212 140 0
-341 213 -141 0
-341 -213 141 0
-341 214 -142 0
-341 -214 142 0
-341 215 -143 0
-341 -215 143 0
-341 216 -144 0
-341 -216 144 0
-341 187 -115 0
-341 -187 115 0
-341 188 -116 0
-341 -188 116 0
-341 189 -117 0
-341 -189 117 0
-341 190 -118 0
-341 -190 118 0
-341 191 -119 0
-341 -191 119 0
-341 192 -120 0
-341 -192 120 0
-341 175 -103 0
-341 -175 103 0
-341 176 -104 0
-341 -176 104 0
-341 177 -105 0
-341 -177 105 0
-341 178 -106 0
-341 -178 106 0
-341 179 -107 0
-341 -179 107 0
-341 180 -108 0
-341 -180 108 0
-341 163 -91 0
-341 -163 91 0
-341 164 -92 0
-341 -164 92 0
-341 165 -93 0
-341 -165 93 0
-341 166 -94 0
-341 -166 94 0
-341 167 -95 0
-341 -167 95 0
-341 168 -96 0
-341 -168 96 0
-341 151 -79 0
-341 -151 79 0
-341 152 -80 0
-341 -152 80 0
-341 153 -81 0
-341 -153 81 0
-341 154 -82 0
-341 -154 82 0
-341 155 -83 0
-341 -155 83 0
-341 156 -84 0
-341 -156 84 0
-323 73 -37 0
-323 -73 37 0
-323 74 -38 0
-323 -74 38 0
-323 75 -39 0
-323 -75 39 0
-323 76 -40 0
-323 -76 40 0
-323 77 -41 0
-323 -77 41 0
-323 78 -42 0
-323 -78 42 0
-323 85 -1 0
-323 -85 1 0
-323 86 -2 0
-323 -86 2 0
-323 87 -3 0
-323 -87 3 0
-323 88 -4 0
-323 -88 4 0
-323 89 -5 0
-323 -89 5 0
-323 90 -6 0
-323 -90 6 0
-323 97 -13 0
-323 -97 13 0
-323 98 -14 0
-323 -98 14 0
-323 99 -15 0
-323 -99 15 0
-323 100 -16 0
-323 -100 16 0
-323 101 -17 0
-323 -101 17 0
-323 102 -18 0
-323 -102 18 0
-323 109 -25 0
-323 -109 25 0
-323 110 -26 0
-323 -110 26 0
-323 111 -27 0
-323 -111 27 0
-323 112 -28 0
-323 -112 28 0
-323 113 -29 0
-323 -113 29 0
-323 114 -30 0
-323 -114 30 0
-323 121 -52 0
-323 -121 52 0
-323 122 -53 0
-323 -122 53 0
-323 123 -54 0
-323 -123 54 0
-323 124 -58 0
-323 -124 58 0
-323 125 -59 0
-323 -125 59 0
-323 126 -60 0
-323 -126 60 0
-323 127 -49 0
-323 -127 49 0
-323 128 -50 0
-323 -128 50 0
-323 129 -51 0
-323 -129 51 0
-323 130 -55 0
-323 -130 55 0
-323 131 -56 0
-323 -131 56 0
-323 132 -57 0
-323 -132 57 0
-347 145 -109 0
-347 -145 109 0
-347 146 -110 0
-347 -146 110 0
-347 147 -111 0
-347 -147 111 0
-347 148 -112 0
-347 -148 112 0
-347 149 -113 0
-347 -149 113 0
-347 150 -114 0
-347 -150 114 0
-347 157 -73 0
-347 -157 73 0
-347 158 -74 0
-347 -158 74 0
-347 159 -75 0
-347 -159 75 0
-347 160 -76 0
-347 -160 76 0
-347 161 -77 0
-347 -161 77 0
-347 162 -78 0
-347 -162 78 0
-347 169 -85 0
-347 -169 85 0
-347 170 -86 0
-347 -170 86 0
-347 171 -87 0
-347 -171 87 0
-347 172 -88 0
-347 -172 88 0
-347 173 -89 0
-347 -173 89 0
-347 174 -90 0
-347 -174 90 0
-347 181 -97 0
-347 -181 97 0
-347 182 -98 0
-347 -182 98 0
-347 183 -99 0
-347 -183 99 0
-347 184 -100 0
-347 -184 100 0
-347 185 -101 0
-347 -185 101 0
-347 186 -102 0
-347 -186 102 0
-347 193 -124 0
-347 -193 124 0
-347 194 -125 0
-347 -194 125 0
-347 195 -126 0
-347 -195 126 0
-347 196 -130 0
-347 -196 130 0
-347 197 -131 0
-347 -197 131 0
-347 198 -132 0
-347 -198 132 0
-347 199 -121 0
-347 -199 121 0
-347 200 -122 0
-347 -200 122 0
-347 201 -123 0
-347 -201 123 0
-347 202 -127 0
-347 -202 127 0
-347 203 -128 0
-347 -203 128 0
-347 204 -129 0
-347 -204 129 0
-329 73 -13 0
-329 -73 13 0
-329 74 -14 0
-329 -74 14 0
-329 75 -15 0
-329 -75 15 0
-329 76 -16 0
-329 -76 16 0
-329 77 -17 0
-329 -77 17 0
-329 78 -18 0
-329 -78 18 0
-329 85 -25 0
-329 -85 25 0
-329 86 -26 0
-329 -86 26 0
-329 87 -27 0
-329 -87 27 0
-329 88 -28 0
-329 -88 28 0
-329 89 -29 0
-329 -89 29 0
-329 90 -30 0
-329 -90 30 0
-329 97 -37 0
-329 -97 37 0
-329 98 -38 0
-329 -98 38 0
-329 99 -39 0
-329 -99 39 0
-329 100 -40 0
-329 -100 40 0
-329 101 -41 0
-329 -101 41 0
-329 102 -42 0
-329 -102 42 0
-329 109 -1 0
-329 -109 1 0
-329 110 -2 0
-329 -110 2 0
-329 111 -3 0
-329 -111 3 0
-329 112 -4 0
-329 -112 4 0
-329 113 -5 0
-329 -113 5 0
-329 114 -6 0
-329 -114 6 0
-329 121 -55 0
-329 -121 55 0
-329 122 -56 0
-329 -122 56 0
-329 123 -57 0
-329 -123 57 0
-329 124 -49 0
-329 -124 49 0
-329 125 -50 0
-329 -125 50 0
-329 126 -51 0
-329 -126 51 0
-329 127 -58 0
-329 -127 58 0
-329 128 -59 0
-329 -128 59 0
-329 129 -60 0
-329 -129 60 0
-329 130 -52 0
-329 -130 52 0
-329 131 -53 0
-329 -131 53 0
-329 132 -54 0
-329 -132 54 0
-353 145 -85 0
-353 -145 85 0
-353 146 -86 0
-353 -146 86 0
-353 147 -87 0
-353 -147 87 0
-353 148 -88 0
-353 -148 88 0
-353 149 -89 0
-353 -149 89 0
-353 150 -90 0
-353 -150 90 0
-353 157 -97 0
-353 -157 97 0
-353 158 -98 0
-353 -158 98 0
-353 159 -99 0
-353 -159 99 0
-353 160 -100 0
-353 -160 100 0
-353 161 -101 0
-353 -161 101 0
-353 162 -102 0
-353 -162 102 0
-353 169 -109 0
-353 -169 109 0
-353 170 -110 0
-353 -170 110 0
-353 171 -111 0
-353 -171 111 0
-353 172 -112 0
-353 -172 112 0
-353 173 -113 0
-353 -173 113 0
-353 174 -114 0
-353 -174 114 0
-353 181 -73 0
-353 -181 73 0
-353 182 -74 0
-353 -182 74 0
-353 183 -75 0
-353 -183 75 0
-353 184 -76 0
-353 -184 76 0
-353 185 -77 0
-353 -185 77 0
-353 186 -78 0
-353 -186 78 0
-353 193 -127 0
-353 -193 127 0
-353 194 -128 0
-353 -194 128 0
-353 195 -129 0
-353 -195 129 0
-353 196 -121 0
-353 -196 121 0
-353 197 -122 0
-353 -197 122 0
-353 198 -123 0
-353 -198 123 0
-353 199 -130 0
-353 -199 130 0
-353 200 -131 0
-353 -200 131 0
-353 201 -132 0
-353 -201 132 0
-353 202 -124 0
-353 -202 124 0
-353 203 -125 0
-353 -203 125 0
-353 204 -126 0
-353 -204 126 0
-335 73 -25 0
-335 -73 25 0
-335 74 -26 0
-335 -74 26 0
-335 75 -27 0
-335 -75 27 0
-335 76 -28 0
-335 -76 28 0
-335 77 -29 0
-335 -77 29 0
-335 78 -30 0
-335 -78 30 0
-335 85 -37 0
-335 -85 37 0
-335 86 -38 0
-335 -86 38 0
-335 87 -39 0
-335 -87 39 0
-335 88 -40 0
-335 -88 40 0
-335 89 -41 0
-335 -89 41 0
-335 90 -42 0
-335 -90 42 0
-335 97 -1 0
-335 -97 1 0
-335 98 -2 0
-335 -98 2 0
-335 99 -3 0
-335 -99 3 0
-335 100 -4 0
-335 -100 4 0
-335 101 -5 0
-335 -101 5 0
-335 102 -6 0
-335 -102 6 0
-335 109 -13 0
-335 -109 13 0
-335 110 -14 0
-335 -110 14 0
-335 111 -15 0
-335 -111 15 0
-335 112 -16 0
-335 -112 16 0
-335 113 -17 0
-335 -113 17 0
-335 114 -18 0
-335 -114 18 0
-335 121 -58 0
-335 -121 58 0
-335 122 -59 0
-335 -122 59 0
-335 123 -60 0
-335 -123 60 0
-335 124 -55 0
-335 -124 55 0
-335 125 -56 0
-335 -125 56 0
-335 126 -57 0
-335 -126 57 0
-335 127 -52 0
-335 -127 52 0
-335 128 -53 0
-335 -128 53 0
-335 129 -54 0
-335 -129 54 0
-335 130 -49 0
-335 -130 49 0
-335 131 -50 0
-335 -131 50 0
-335 132 -51 0
-335 -132 51 0
-359 145 -97 0
-359 -145 97 0
-359 146 -98 0
-359 -146 98 0
-359 147 -99 0
-359 -147 99 0
-359 148 -100 0
-359 -148 100 0
-359 149 -101 0
-359 -149 101 0
-359 150 -102 0
-359 -150 102 0
-359 157 -109 0
-359 -157 109 0
-359 158 -110 0
-359 -158 110 0
-359 159 -111 0
-359 -159 111 0
-359 160 -112 0
-359 -160 112 0
-359 161 -113 0
-359 -161 113 0
-359 162 -114 0
-359 -162 114 0
-359 169 -73 0
-359 -169 73 0
-359 170 -74 0
-359 -170 74 0
-359 171 -75 0
-359 -171 75 0
-359 172 -76 0
-359 -172 76 0
-359 173 -77 0
-359 -173 77 0
-359 174 -78 0
-359 -174 78 0
-359 181 -85 0
-359 -181 85 0
-359 182 -86 0
-359 -182 86 0
-359 183 -87 0
-359 -183 87 0
-359 184 -88 0
-359 -184 88 0
-359 185 -89 0
-359 -185 89 0
-359 186 -90 0
-359 -186 90 0
-359 193 -130 0
-359 -193 130 0
-359 194 -131 0
-359 -194 131 0
-359 195 -132 0
-359 -195 132 0
-359 196 -127 0
-359 -196 127 0
-359 197 -128 0
-359 -197 128 0
-359 198 -129 0
-359 -198 129 0
-359 199 -124 0
-359 -199 124 0
-359 200 -125 0
-359 -200 125 0
-359 201 -126 0
-359 -201 126 0
-359 202 -121 0
-359 -202 121 0
-359 203 -122 0
-359 -203 122 0
-359 204 -123 0
-359 -204 123 0
-318 121 -49 0
-318 -121 49 0
-318 122 -50 0
-318 -122 50 0
-318 123 -51 0
-318 -123 51 0
-318 124 -52 0
-318 -124 52 0
-318 125 -53 0
-318 -125 53 0
-318 126 -54 0
-318 -126 54 0
-318 127 -55 0
-318 -127 55 0
-318 128 -56 0
-318 -128 56 0
-318 129 -57 0
-318 -129 57 0
-318 130 -58 0
-318 -130 58 0
-318 131 -59 0
-318 -131 59 0
-318 132 -60 0
-318 -132 60 0
-318 73 -1 0
-318 -73 1 0
-318 74 -2 0
-318 -74 2 0
-318 75 -3 0
-318 -75 3 0
-318 76 -4 0
-318 -76 4 0
-318 77 -5 0
-318 -77 5 0
-318 78 -6 0
-318 -78 6 0
-318 85 -13 0
-318 -85 13 0
-318 86 -14 0
-318 -86 14 0
-318 87 -15 0
-318 -87 15 0
-318 88 -16 0
-318 -88 16 0
-318 89 -17 0
-318 -89 17 0
-318 90 -18 0
-318 -90 18 0
-318 97 -25 0
-318 -97 25 0
-318 98 -26 0
-318 -98 26 0
-318 99 -27 0
-318 -99 27 0
-318 100 -28 0
-318 -100 28 0
-318 101 -29 0
-318 -101 29 0
-318 102 -30 0
-318 -102 30 0
-318 109 -37 0
-318 -109 37 0
-318 110 -38 0
-318 -110 38 0
-318 111 -39 0
-318 -111 39 0
-318 112 -40 0
-318 -112 40 0
-318 113 -41 0
-318 -113 41 0
-318 114 -42 0
-318 -114 42 0
-342 193 -121 0
-342 -193 121 0
-342 194 -122 0
-342 -194 122 0
-342 195 -123 0
-342 -195 123 0
-342 196 -124 0
-342 -196 124 0
-342 197 -125 0
-342 -197 125 0
-342 198 -126 0
-342 -198 126 0
-342 199 -127 0
-342 -199 127 0
-342 200 -128 0
-342 -200 128 0
-342 201 -129 0
-342 -201 129 0
-342 202 -130 0
-342 -202 130 0
-342 203 -131 0
-342 -203 131 0
-342 204 -132 0
-342 -204 132 0
-342 145 -73 0
-342 -145 73 0
-342 146 -74 0
-342 -146 74 0
-342 147 -75 0
-342 -147 75 0
-342 148 -76 0
-342 -148 76 0
-342 149 -77 0
-342 -149 77 0
-342 150 -78 0
-342 -150 78 0
-342 157 -85 0
-342 -157 85 0
-342 158 -86 0
-342 -158 86 0
-342 159 -87 0
-342 -159 87 0
-342 160 -88 0
-342 -160 88 0
-342 161 -89 0
-342 -161 89 0
-342 162 -90 0
-342 -162 90 0
-342 169 -97 0
-342 -169 97 0
-342 170 -98 0
-342 -170 98 0
-342 171 -99 0
-342 -171 99 0
-342 172 -100 0
-342 -172 100 0
-342 173 -101 0
-342 -173 101 0
-342 174 -102 0
-342 -174 102 0
-342 181 -109 0
-342 -181 109 0
-342 182 -110 0
-342 -182 110 0
-342 183 -111 0
-342 -183 111 0
-342 184 -112 0
-342 -184 112 0
-342 185 -113 0
-342 -185 113 0
-342 186 -114 0
-342 -186 114 0
-324 115 -7 0
-324 -115 7 0
-324 116 -8 0
-324 -116 8 0
-324 117 -9 0
-324 -117 9 0
-324 118 -10 0
-324 -118 10 0
-324 119 -11 0
-324 -119 11 0
-324 120 -12 0
-324 -120 12 0
-324 103 -43 0
-324 -103 43 0
-324 104 -44 0
-324 -104 44 0
-324 105 -45 0
-324 -105 45 0
-324 106 -46 0
-324 -106 46 0
-324 107 -47 0
-324 -107 47 0
-324 108 -48 0
-324 -108 48 0
-324 91 -31 0
-324 -91 31 0
-324 92 -32 0
-324 -92 32 0
-324 93 -33 0
-324 -93 33 0
-324 94 -34 0
-324 -94 34 0
-324 95 -35 0
-324 -95 35 0
-324 96 -36 0
-324 -96 36 0
-324 79 -19 0
-324 -79 19 0
-324 80 -20 0
-324 -80 20 0
-324 81 -21 0
-324 -81 21 0
-324 82 -22 0
-324 -82 22 0
-324 83 -23 0
-324 -83 23 0
-324 84 -24 0
-324 -84 24 0
-324 133 -64 0
-324 -133 64 0
-324 134 -65 0
-324 -134 65 0
-324 135 -66 0
-324 -135 66 0
-324 136 -70 0
-324 -136 70 0
-324 137 -71 0
-324 -137 71 0
-324 138 -72 0
-324 -138 72 0
-324 139 -61 0
-324 -139 61 0
-324 140 -62 0
-324 -140 62 0
-324 141 -63 0
-324 -141 63 0
-324 142 -67 0
-324 -142 67 0
-324 143 -68 0
-324 -143 68 0
-324 144 -69 0
-324 -144 69 0
-348 187 -79 0
-348 -187 79 0
-348 188 -80 0
-348 -188 80 0
-348 189 -81 0
-348 -189 81 0
-348 190 -82 0
-348 -190 82 0
-348 191 -83 0
-348 -191 83 0
-348 192 -84 0
-348 -192 84 0
-348 175 -115 0
-348 -175 115 0
-348 176 -116 0
-348 -176 116 0
-348 177 -117 0
-348 -177 117 0
-348 178 -118 0
-348 -178 118 0
-348 179 -119 0
-348 -179 119 0
-348 180 -120 0
-348 -180 120 0
-348 163 -103 0
-348 -163 103 0
-348 164 -104 0
-348 -164 104 0
-348 165 -105 0
-348 -165 105 0
-348 166 -106 0
-348 -166 106 0
-348 167 -107 0
-348 -167 107 0
-348 168 -108 0
-348 -168 108 0
-348 151 -91 0
-348 -151 91 0
-348 152 -92 0
-348 -152 92 0
-348 153 -93 0
-348 -153 93 0
-348 154 -94 0
-348 -154 94 0
-348 155 -95 0
-348 -155 95 0
-348 156 -96 0
-348 -156 96 0
-348 205 -136 0
-348 -205 136 0
-348 206 -137 0
-348 -206 137 0
-348 207 -138 0
-348 -207 138 0
-348 208 -142 0
-348 -208 142 0
-348 209 -143 0
-348 -209 143 0
-348 210 -144 0
-348 -210 144 0
-348 211 -133 0
-348 -211 133 0
-348 212 -134 0
-348 -212 134 0
-348 213 -135 0
-348 -213 135 0
-348 214 -139 0
-348 -214 139 0
-348 215 -140 0
-348 -215 140 0
-348 216 -141 0
-348 -216 141 0
-330 115 -31 0
-330 -115 31 0
-330 116 -32 0
-330 -116 32 0
-330 117 -33 0
-330 -117 33 0
-330 118 -34 0
-330 -118 34 0
-330 119 -35 0
-330 -119 35 0
-330 120 -36 0
-330 -120 36 0
-330 103 -19 0
-330 -103 19 0
-330 104 -20 0
-330 -104 20 0
-330 105 -21 0
-330 -105 21 0
-330 106 -22 0
-330 -106 22 0
-330 107 -23 0
-330 -107 23 0
-330 108 -24 0
-330 -108 24 0
-330 91 -7 0
-330 -91 7 0
-330 92 -8 0
-330 -92 8 0
-330 93 -9 0
-330 -93 9 0
-330 94 -10 0
-330 -94 10 0
-330 95 -11 0
-330 -95 11 0
-330 96 -12 0
-330 -96 12 0
-330 79 -43 0
-330 -79 43 0
-330 80 -44 0
-330 -80 44 0
-330 81 -45 0
-330 -81 45 0
-330 82 -46 0
-330 -82 46 0
-330 83 -47 0
-330 -83 47 0
-330 84 -48 0
-330 -84 48 0
-330 133 -67 0
-330 -133 67 0
-330 134 -68 0
-330 -134 68 0
-330 135 -69 0
-330 -135 69 0
-330 136 -61 0
-330 -136 61 0
-330 137 -62 0
-330 -137 62 0
-330 138 -63 0
-330 -138 63 0
-330 139 -70 0
-330 -139 70 0
-330 140 -71 0
-330 -140 71 0
-330 141 -72 0
-330 -141 72 0
-330 142 -64 0
-330 -142 64 0
-330 143 -65 0
-330 -143 65 0
-330 144 -66 0
-330 -144 66 0
-354 187 -103 0
-354 -187 103 0
-354 188 -104 0
-354 -188 104 0
-354 189 -105 0
-354 -189 105 0
-354 190 -106 0
-354 -190 106 0
-354 191 -107 0
-354 -191 107 0
-354 192 -108 0
-354 -192 108 0
-354 175 -91 0
-354 -175 91 0
-354 176 -92 0
-354 -176 92 0
-354 177 -93 0
-354 -177 93 0
-354 178 -94 0
-354 -178 94 0
-354 179 -95 0
-354 -179 95 0
-354 180 -96 0
-354 -180 96 0
-354 163 -79 0
-354 -163 79 0
-354 164 -80 0
-354 -164 80 0
-354 165 -81 0
-354 -165 81 0
-354 166 -82 0
-354 -166 82 0
-354 167 -83 0
-354 -167 83 0
-354 168 -84 0
-354 -168 84 0
-354 151 -115 0
-354 -151 115 0
-354 152 -116 0
-354 -152 116 0
-354 153 -117 0
-354 -153 117 0
-354 154 -118 0
-354 -154 118 0
-354 155 -119 0
-354 -155 119 0
-354 156 -120 0
-354 -156 120 0
-354 205 -139 0
-354 -205 139 0
-354 206 -140 0
-354 -206 140 0
-354 207 -141 0
-354 -207 141 0
-354 208 -133 0
-354 -208 133 0
-354 209 -134 0
-354 -209 134 0
-354 210 -135 0
-354 -210 135 0
-354 211 -142 0
-354 -211 142 0
-354 212 -143 0
-354 -212 143 0
-354 213 -144 0
-354 -213 144 0
-354 214 -136 0
-354 -214 136 0
-354 215 -137 0
-354 -215 137 0
-354 216 -138 0
-354 -216 138 0
-336 115 -19 0
-336 -115 19 0
-336 116 -20 0
-336 -116 20 0
-336 117 -21 0
-336 -117 21 0
-336 118 -22 0
-336 -118 22 0
-336 119 -23 0
-336 -119 23 0
-336 120 -24 0
-336 -120 24 0
-336 103 -7 0
-336 -103 7 0
-336 104 -8 0
-336 -104 8 0
-336 105 -9 0
-336 -105 9 0
-336 106 -10 0
-336 -106 10 0
-336 107 -11 0
-336 -107 11 0
-336 108 -12 0
-336 -108 12 0
-336 91 -43 0
-336 -91 43 0
-336 92 -44 0
-336 -92 44 0
-336 93 -45 0
-336 -93 45 0
-336 94 -46 0
-336 -94 46 0
-336 95 -47 0
-336 -95 47 0
-336 96 -48 0
-336 -96 48 0
-336 79 -31 0
-336 -79 31 0
-336 80 -32 0
-336 -80 32 0
-336 81 -33 0
-336 -81 33 0
-336 82 -34 0
-336 -82 34 0
-336 83 -35 0
-336 -83 35 0
-336 84 -36 0
-336 -84 36 0
-336 133 -70 0
-336 -133 70 0
-336 134 -71 0
-336 -134 71 0
-336 135 -72 0
-336 -135 72 0
-336 136 -67 0
-336 -136 67 0
-336 137 -68 0
-336 -137 68 0
-336 138 -69 0
-336 -138 69 0
-336 139 -64 0
-336 -139 64 0
-336 140 -65 0
-336 -140 65 0
-336 141 -66 0
-336 -141 66 0
-336 142 -61 0
-336 -142 61 0
-336 143 -62 0
-336 -143 62 0
-336 144 -63 0
-336 -144 63 0
-360 187 -91 0
-360 -187 91 0
-360 188 -92 0
-360 -188 92 0
-360 189 -93 0
-360 -189 93 0
-360 190 -94 0
-360 -190 94 0
-360 191 -95 0
-360 -191 95 0
-360 192 -96 0
-360 -192 96 0
-360 175 -79 0
-360 -175 79 0
-360 176 -80 0
-360 -176 80 0
-360 177 -81 0
-360 -177 81 0
-360 178 -82 0
-360 -178 82 0
-360 179 -83 0
-360 -179 83 0
-360 180 -84 0
-360 -180 84 0
-360 163 -115 0
-360 -163 115 0
-360 164 -116 0
-360 -164 116 0
-360 165 -117 0
-360 -165 117 0
-360 166 -118 0
-360 -166 118 0
-360 167 -119 0
-360 -167 119 0
-360 168 -120 0
-360 -168 120 0
-360 151 -103 0
-360 -151 103 0
-360 152 -104 0
-360 -152 104 0
-360 153 -105 0
-360 -153 105 0
-360 154 -106 0
-360 -154 106 0
-360 155 -107 0
-360 -155 107 0
-360 156 -108 0
-360 -156 108 0
-360 205 -142 0
-360 -205 142 0
-360 206 -143 0
-360 -206 143 0
-360 207 -144 0
-360 -207 144 0
-360 208 -139 0
-360 -208 139 0
-360 209 -140 0
-360 -209 140 0
-360 210 -141 0
-360 -210 141 0
-360 211 -136 0
-360 -211 136 0
-360 212 -137 0
-360 -212 137 0
-360 213 -138 0
-360 -213 138 0
-360 214 -133 0
-360 -214 133 0
-360 215 -134 0
-360 -215 134 0
-360 216 -135 0
-360 -216 135 0
-317 -342 0
-314 -340 0
-313 -339 0
